0111161
0068646
0468569
0071562
0110912
0167260
0108052
0060196
0050083
0120737
1375666
0109830
0137523
0080684
0133093
0099685
0167261
0073486
0047478
0816692
0114369
0110413
0102926
0076759
0120815
0245429
0114814
0118799
0317248
0038650
0021749
2380307
0110357
0088763
0120689
0172495
0407887
2582802
0082971
0078748
0482571
0078788
0054215
0103064
0120586
0209144
0043014
1675434
5074352
0253474
0057012
0034583
0064116
0095327
0405094
0047396
0095765
0986264
0032553
0027977
0476735
0081505
0112573
1345836
1853728
0169547
5311514
0090605
0364569
0910970
0087843
0033467
1187043
0119698
0053125
0082096
0022100
0050825
0051201
0116231
0086250
0361748
0119488
0062622
0114709
0180093
0066921
0075314
0093058
0338013
1049413
0372784
0208092
0119217
0056172
0105236
0086190
0435761
0097576
0086879
0211915
0056592
2106476
0071853
0053291
0052357
0045152
0017136
0059578
0070735
1832382
0053604
0042192
0055031
0036775
0042876
0118849
0040522
0055630
0040897
0405508
0012349
0044741
0015324
5027774
0113277
0993846
2119532
0083658
2096673
3170832
0457430
0112641
0095016
0031381
0268978
0117951
1291584
0434409
0077416
0347149
0105695
0363163
0120735
0050212
1305806
0096283
0071315
1255953
0057115
0081398
0080678
0050976
0089881
0091251
0047296
0032976
0041959
0046912
0060107
0050986
1280558
2338151
0046438
0031679
0046268
0019254
0018455
1954470
0015864
0017925
1856101
3315342
1392190
0107290
2267998
0093779
1392214
3783958
2278388
1201607
0092005
0477348
0266697
0246578
0266543
0116282
1895587
0118715
0469494
0198781
0264464
0167404
0758758
1130884
1454029
2024544
0084787
0120382
0892769
0052618
0097165
1205489
0075148
1979320
0405159
0091763
0079944
0094625
3011894
0112471
1028532
0072684
0083987
0074958
0064115
0061512
0353969
0395169
0079470
0118694
0381681
0107207
0087884
0056801
0338564
0113247
0245712
0060827
0087544
0978762
0111495
0070510
0033870
0052311
0032551
0036868
0053198
0025316
0046911
0058946
0050783
0073195
0088247
0032138
0101414
0114746
0440963
0107048
0075686