1994
1972
2008
1974
1994
2003
1993
1966
1957
2001
2010
1994
1999
1980
1999
1990
2002
1975
1954
2014
1995
1994
1991
1977
1998
2001
1995
1997
2002
1946
1931
2017
1994
1985
1999
2000
2006
2014
1981
1979
2006
1979
1960
1991
1998
2000
1950
2011
2016
2002
1964
1942
1968
1988
2006
1954
1988
2007
1940
1936
2005
1980
1995
2012
2012
1999
2016
1986
2003
2008
1984
1941
2009
1997
1959
1981
1931
1957
1957
1996
1983
2009
1997
1968
1995
2000
1971
1976
1987
2004
2009
2005
2000
1997
1962
1992
1983
2010
1989
1984
2001
1962
2012
1975
1959
1958
1952
1927
1965
1973
2011
1960
1950
1961
1944
1950
1997
1948
1961
1948
2006
1921
1952
1924
2017
1995
2013
2016
1982
2015
2015
2006
1995
1988
1939
2001
1996
2011
2005
1978
2004
1992
2004
1998
1957
2009
1988
1974
2010
1963
1980
1980
1957
1985
1985
1954
1940
1949
1954
1966
1957
2008
2014
1953
1939
1953
1928
1927
2012
1925
1926
2017
2017
2015
1993
2014
1987
2013
2016
2014
2011
1986
2007
2003
2001
2003
1996
2015
1998
2007
2001
2002
1999
2007
2010
2011
2013
1982
1998
2010
1959
1989
2008
1976
2013
2004
1986
1979
1988
2014
1995
2009
1975
1982
1976
1969
1967
2003
2004
1979
2000
2004
1993
1984
1963
2002
1995
2000
1966
1984
2009
1994
1973
1941
1958
1940
1946
1959
1934
1955
1966
1957
1975
1984
1939
1991
1995
2007
1993
1977