4877122
6910020
0185183
1098327
0093300
1883367
0275022
2467046
0120185
0105643
0327554
0810913
4458206
0799949
1213644
0804452
0362165
1073498
0103923
0804492
0115624
0299930
0466342
0317676
4009460
0383222
0110978
0118589
2403029
0369226
0400426
1316037
3526286
0295427
0060666
0116165
0339034
0096870
0116756
0065832
0249516
2071491
0118665
0086987
0270846
0093072
0462244
0110647
0246894
0417056
3108604
1107812
0353324
0094118
0088100
0119576
0110857
0101615
0120207
0421051
1153546
0096149
1411664
1716747
1756427
1651323
0763304
0110169
4073890
0330994
2136808
0118539
2226666
0295254
7668842
1674047
0785077
2395219
0903606
1754811
1844770
1038685
2814362
3462696
0120598
0114658
0367677
2207484
0077834
0462395
1767319
0093405
3343136
5290620
0463392
4404474
0174685
2622826
0118836
0092532
6038600
0116839
1263800
2574698
2040578
0117350
1623780
0091934
0201844
0066476
0073043
2417650
0089280
1540767
0456014
5720450
0473024
1309000
0758781
3152098
0808240
1698008
0490196
0168172
0055946
0099656
0165494
2538128
0057181
0117550
1001562
0046248
0098156
2147365
1520498
1572311
0382028
0081693
0086972
0893509
0364986
0054240
0093227
2784134
0058548
0266747
1196334
0073396
0092297
0061191
0426550
0489244
0061456
0426615
0088380
0071198
0756703
0373908
0376717
0199481
0072666
2552498
0473310
0053241
2088923
0081027
0097174
1302019
0106257
0088772
0054333
0109376
0050717
0830861
0145529
0059464
0058311
1060249
3384904
0205418
0086026
2344678
3036740
2381962
1307989
1650433
3726012
0087258
2081438
0418627
0075343
7535868
0955411
0037798
4107858
0162930
2518848
0100665
0439504
0086486
0201290
3382148
0470833
0490170
2439946
0064338
1414361
0060753
0054673
1830786
0058208
4717194
0953989
2518926
0326983
0342689
0055562
0053464
0478188
0415345
0929809
0278259
0057859
0279695
0058615
1087474
0061671
1570619
0888019
0057507
1918886
0315775
0112873
1343704
0494501
0469849
0451109
0478737
0845424
0120214
0427323
2460488
0404090
0424873
1189383
1820462
0366842
1431240
0400172