2017
2018
2000
2009
1987
2015
2002
2014
1997
1990
2004
2011
2015
2007
2008
2007
2005
2008
1990
2008
1996
2003
2006
2003
2014
2005
1994
2001
2013
2005
2008
2010
2015
2002
1966
1996
2003
1989
1996
1970
2012
2012
1999
1984
2004
1987
2007
1994
2002
2006
2015
2011
2005
1987
1984
1997
1994
1991
1997
2004
2011
1988
2011
2011
2011
2012
2006
1994
2015
2000
2012
1998
2012
2002
2018
2013
2007
2012
2009
2013
2012
2010
2014
2014
1998
1995
2004
2015
1978
2006
2011
1987
2014
2016
2004
2015
1968
2014
1998
1988
2016
1996
2009
2014
2012
1997
1999
1986
2002
1971
1975
2013
1988
2012
2006
2016
2006
2009
2006
2014
2006
2011
2006
1999
1962
1989
1998
2013
1964
1996
2008
1953
1987
2012
2012
2010
2004
1980
1982
2007
2002
1965
1987
2016
1964
2003
2009
1975
1987
1966
2005
2006
1967
2005
1983
1974
2007
2005
2003
2001
1971
2013
2007
1959
2013
1981
1988
2011
1993
1984
1960
1994
1958
2008
1994
1965
1964
2008
2014
2000
1983
2013
2014
2013
2009
2010
2016
1985
2013
2005
1976
2017
2007
1944
2015
1998
2013
1990
2005
1982
1999
2014
2006
2008
2012
1969
2009
1966
1961
2011
1964
2015
2007
2013
2002
2004
1961
1959
2005
2006
2007
2002
1963
2001
1964
2008
1969
2010
2006
1963
2012
2003
1995
2010
2005
2005
2004
2007
2006
1997
2005
2013
2003
2004
2008
2011
2003
2009
2003